Precision: 0.7836574073534213
Recall: 0.5967851740383207
F1: 0.6336242895812796

