Precision: 0.7762275933177492
Recall: 0.5991286945741853
F1: 0.630666706666648

