Precision: 0.7724233516143759
Recall: 0.612094709178285
F1: 0.6418223505375501

